i:1 x:0.000000 y:0.000000
i:2 x:4.000000 y:2.000000
i:3 x:2.000000 y:4.000000
11.77