i:1 px:0.000000 py:-1.000000 qx:0.000000 qy:-20.000000
i:2 px:-20.000000 py:0.000000 qx:-1.000000 qy:0.000000
i:3 px:0.000000 py:1.000000 qx:0.000000 qy:20.000000
i:4 px:20.000000 py:0.000000 qx:1.000000 qy:0.000000
0.00
